3
3
5
4
9
7
22
7
23
14
14
15
20
8
22
21
19
8
30
17
23
17
53
24
93
57
45
62
62
26
112
119
164
211
132
68
609
129
419
188
436
63
593
858
240
73
2255
86
339
107
54
185
67
112
88
66
53
44
277
66
39
67
261
65
33
34
63
32
64
58
55
19
33
64
33
39
29
13
34
16
30
26
21
9
7
13
9
12
9
3
4
3
12
7
7
12
29
11
12
9
16
26
31
18
16
34
32
20
132
34
54
52
32
67
60
88
74
118
93
15
61
55
46
33
45
67
425
112
64
41
36
94
344
366
3045
272
249
1327
537
215
197
136
39
36
310
192
96
93
56
110
39
71
162
126
132
57
68
72
97
59
70
31
38
34
27
47
37
18
25
29
16
24
24
29
13
14
4
11
14
7
