3
1
15
6
3
8
11
18
19
21
26
16
15
15
20
30
22
29
25
28
64
27
64
74
26
64
79
72
28
76
44
37
109
65
30
111
58
130
238
223
91
184
57
237
657
1504
1267
1041
478
121
999
342
72
167
43
86
318
84
74
36
74
99
72
138
31
111
73
40
33
45
61
46
32
19
50
22
49
17
22
35
38
39
14
20
15
19
70
27
38
8
9
17
5
6
4
11
15
13
30
15
19
20
36
20
26
57
19
29
31
23
59
69
80
23
28
37
114
65
68
88
20
132
70
69
111
98
45
272
82
276
195
1123
175
104
203
636
111
131
64
100
352
105
155
115
42
30
210
54
56
27
47
33
78
33
21
24
38
11
63
64
24
56
35
30
55
23
23
25
29
52
21
12
4
4
7
3
36
6
12
0
