9
14
15
6
7
5
16
47
29
21
36
44
35
53
74
37
55
30
86
80
187
93
92
167
242
107
248
78
212
396
309
106
199
82
75
38
49
453
805
230
103
406
148
458
1856
1369
1508
1921
311
602
1475
200
247
122
152
385
408
361
284
132
464
72
261
129
412
94
80
435
121
56
60
106
50
429
57
44
22
25
32
68
26
55
22
7
28
15
18
14
12
4
2
10
13
11
3
13
14
26
18
15
27
36
28
60
43
71
80
66
124
104
235
73
108
102
41
91
82
49
70
315
42
80
176
49
105
90
174
70
180
182
239
718
241
83
469
1593
1926
203
211
679
896
212
403
87
219
520
196
219
120
67
196
106
87
264
185
93
92
122
81
59
57
46
38
47
36
23
21
104
318
269
240
198
175
183
160
153
143
97
111
60
