520
640
1040
1440
1560
1440
1240
1880
1680
1240
1040
1240
920
1360
1240
1360
1360
1360
1360
1440
1760
1440
1320
1040
1560
1680
2480
2780
3020
2800
2560
2080
1960
1560
1240
1680
2800
1960
2280
1960
2480
2200
1760
1760
1680
1680
2280
2600
2080
1040
1880
2080
1680
2280
1360
2800
1040
1560
1360
1360
1560
1560
1040
1440
1440
1440
1360
2200
2800
2920
3000
3000
3240
3000
3240
3120
3120
3960
3890
4480
5240
6040
6340
5480
7840
7000
6450
7120
7000
8700
6800
7040
6900
7000
5660
6360
5960
5620
4900
5080
5200
4480
3840
5080
4680
5000
4240
4880
5140
4880
6040
5280
6240
6760
6120
5600
5720
5600
5720
6400
6800
7080
7700
8300
8010
9610
7510
8400
7770
7920
7000
7300
4880
4880
4360
4040
5080
4900
5200
4880
5000
5720
6200
5600
4480
4680
4040
4240
4680
4760
5400
5400
6760
5080
8000
7860
8110
7790
7400
7680
7340
6960
7060
5900
5490
5670
5460
4990
4660
4740
4210
3996
4000
4400
4200
4500
4850
5400
4700
4220