996
1226
1383
1667
1831
1905
2170
2323
2507
2737
3042
3214
3445
3547
3708
4077
4135
4359
4636
4831
5026
5187
5367
5667
5854
6054
6267
6370
6514
6874
6916
7116
7439
7542
7793
7976
8150
8471
8609
8869
8989
9230
9428
9614
9826
9929
9879
9657
9496
9275
9011
8897
8566
8353
8134
7902
7878
7666
7415
7155
6906
6807
6519
6449
6152
6005
5862
5538
5382
5266
5060
4877
4519
4322
4207
3904
3797
3696
3384
3144
2966
2735
2538
2467
2123
2043
1779
1609
1405
1262
1013
1265
1407
1667
1828
2097
2137
2395
2688
2778
3090
3105
3411
3649
3876
4016
4236
4463
4576
4707
4977
5191
5441
5620
5728
6023
6107
6463
6569
6894
6960
7207
7442
7578
7755
8091
8199
8388
8699
8796
8979
9141
9301
9513
9840
9967
9884
9569
9451
9273
8902
8833
8587
8328
8121
7932
7870
7568
7328
7130
7073
6713
6548
6407
6211
6075
5863
5661
5439
5212
5055
4716
4531
4345
4124
3913
3895
3617
3379
3272
3007
2722
2679
2407
2143
2040
1829
1615
1406
956
