52 
64 
104 
144 
156 
144 
124 
188 
168 
124 
104 
124 
92 
136 
124 
136 
136 
136 
136 
144 
176 
144 
104 
156 
168 
248 
208 
196 
156 
124 
168 
280 
196 
228 
196 
248 
220 
176 
176 
168 
168 
228 
260 
208 
104 
188 
208 
168 
228 
136 
280 
104 
156 
136 
136 
156 
156 
104 
144 
144 
144 
136 
220 
280 
292 
300 
300 
324 
300 
324 
312 
312 
396 
404 
448 
624 
572 
540 
508 
520 
448 
384 
508 
468 
500 
424 
488 
604 
528 
624 
676 
612 
560 
572 
560 
572 
708 
488 
488 
436 
508 
520 
488 
500 
572 
448 
468 
404 
468 
476 
540 
540 
676 
508 
800 
728 
456 
476 
520 
416 
