500
504
508
512
516
520
524
528
532
536
540
544
548
552
556
560
564
568
572
576
580
584
888
592
596
600
504
608
612
616
620
624
628
632
636
640
644
648
652
656
660
664
668
672
676
680
676
672
668
664
660
656
652
648
644
640
636
632
628
624
620
616
612
608
604
600
596
592
588
584
580
576
572
568
564
560
556
552
548
544
540
536
532
528
524
520
516
512
508
504
500
504
508
512
516
520
524
528
532
536
540
544
548
552
556
560
564
568
572
576
580
584
888
592
596
600
504
608
612
616
620
624
628
632
636
640
644
648
652
656
660
664
668
672
676
680
676
672
668
664
660
656
652
648
644
640
636
632
628
624
620
616
612
608
604
600
596
592
588
584
580
576
572
568
564
560
556
552
548
544
540
536
532
528
524
520
516
512
508
504