52 
52 
64 
72 
72 
84 
176 
168 
124 
136 
124 
136 
156 
124 
92 
176 
168 
248 
228 
240 
280 
332 
292 
312 
344 
292 
344 
384 
280 
260 
280 
300 
312 
300 
324 
272 
292 
324 
344 
364 
280 
332 
300 
312 
248 
248 
280 
300 
344 
324 
312 
352 
416 
344 
312 
324 
220 
300 
300 
344 
248 
324 
280 
260 
248 
292 
332 
300 
352 
312 
384 
272 
228 
220 
220 
208 
272 
260 
228 
196 
176 
196 
168 
220 
176 
228 
240 
196 
168 
168 
168 
196 
248 
196 
176 
188 
168 
136 
144 
136 
228 
240 
240 
228 
188 
228 
592 
800 
332 
168 
168 
156 
144 
220 
168 
124 
124 
168 
144 
116 
