1064
1177
1327
1655
1882
2003
2272
2471
2574
2865
3061
3231
3317
3689
3813
3972
4121
4475
4615
4863
4923
5200
5357
5667
5803
5900
6273
6342
6516
6801
6919
7281
7358
7580
7883
7953
8224
8419
8651
8754
9022
9115
9486
9611
9725
9936
9855
9685
9415
9233
8965
8883
8511
8498
8280
8023
7863
7539
7437
7198
6969
6783
6603
6443
6263
6028
5836
5540
5485
5119
5009
4900
4650
4338
4173
4020
3718
3699
3368
3114
3072
2747
2599
2392
2211
1917
1809
1579
1350
1196
966
1219
1466
1545
1810
1901
2140
2435
2516
2774
2959
3231
3494
3534
3825
3910
4292
4443
4625
4716
5071
5294
5360
5609
5724
6006
6121
6303
6565
6730
6955
7212
7430
7664
7818
8033
8152
8474
8624
8748
8983
9223
9423
9566
9714
10077
9767
9500
9441
9222
9005
8731
8538
8431
8174
8052
7813
7683
7382
7122
6941
6882
6514
6343
6248
5983
5877
5671
5464
5217
4918
4849
4558
4379
4279
3913
3798
3570
3404
3203
3079
2796
2608
2321
2100
1963
1846
1538
1488
992