1000
1400
1600
2200
1600
1300
1460
1780
2060
2580
2200
1580
1240
1000
1600
2000
2200
2700
3000
3340 
3000
2400
1780
1400
1300
1260
1560
1800
2020
2400
3060
3200
3060
2400
1780
1400
1440
1560
1980
2200
2760
3200
3180
3000
2600
2300
2380
2600
2800
3200
3600
4000
3800
3400
2800
2200
2300
2380
2580
2800
3200
3400
3000
2600
2200
1600
1400
1000
1120
1340
1580
1980
2200
2600
2900
2600
2600
2200
1800
1400
1300
1500
1800
2200
2600
3000
3400
3800
3600
2800
2000
1200
1000
1200
1600
2000
2400
2800
3200
3600
3200
2800
2400
2000
2200
2700
3000
3340
3000
2400
1780
1400
13000
1260
1560
1800
2020
2400
3060
3200
3400
3800
4200
4300
4400
4700
4900
5500
5300
5100
5000
4600
4800
5000
5100
5000
5100
5000
4600
4200
4100
4000
3800
3600
3000
3000
3100
3400
3500
3600
4000
4000
4200
4300
4400
4500
4700
5000
4900
4600
4200
4000
3600
3200
2900
2500
2100
2000
1900
1800
2700
2800
3500
4200
4000
3500
3300
3000
2500
2000
