74 
75 
77 
77 
77 
78 
77 
79 
73 
76 
75 
78 
77 
80 
76 
82 
81 
81 
84 
86 
87 
89 
86 
92 
94 
103 
117 
154 
209 
252 
287 
320 
349 
368 
381 
400 
430 
446 
428 
427 
462 
466 
473 
467 
490 
497 
513 
532 
583 
623 
640 
579 
583 
593 
615 
613 
648 
673 
715 
800 
733 
479 
393 
334 
295 
255 
217 
196 
189 
175 
166 
162 
131 
92 
86 
81 
77 
72 
71 
71 
67 
68 
69 
67 
68 
63 
67 
69 
66 
68 
65 
69 
64 
61 
65 
64 
61 
61 
63 
61 
61 
59 
58 
56 
58 
55 
54 
53 
53 
54 
52 
49 
49 
48 
47 
48 
44 
44 
43 
44 
