2
12
31
2
2
3
0
2
3
9
4
20
16
8
7
6
2
2
4
1
2
10
3
4
4
3
37
134
70
44
22
188
8
17
11
0
14
3
10
7
11
5
4
4
3
234
338
15
6
5
4
5
6
7
4
19
4
8
9
1
126
4
7
115
40
51
35
837
359
302
927
82
127
51
131
31
22
96
19
109
203
67
322
420
1207
382
672
879
275
584
154
72
29
119
79
67
30
155
101
336
1624
172
85
27
53
36
46
163
94
31
739
864
903
1327
467
230
805
32
144
32
51
69
48
314
112
1157
238
780
1170
2744
255
208
34
9
23
36
25
13
26
16
38
94
60
29
28
19
22
18
38
25
52
70
63
2038
833
134
118
109
160
175
31
315
69
20
67
372
43
55
52
17
8
84
25
8
40
9
18
455
31
20
