8
10
10
5
9
10
16
45
11
10
18
10
10
30
18
10
22
19
49
81
23
57
14
66
34
69
61
61
67
32
83
114
68
19
103
211
34
63
137
222
435
455
259
621
927
192
1671
759
200
153
232
63
28
99
144
45
135
44
417
50
37
67
124
64
43
30
58
37
52
20
76
25
20
170
13
25
30
33
44
25
33
33
20
12
5
8
17
22
12
59
73
82
110
130
121
144
141
183
187
186
217
214
248
298
374
319
411
361
377
424
472
570
481
607
735
1041
1054
1538
1211
4025
6264
6689
6957
7238
7413
7665
7764
8154
8304
8436
8659
8929
9140
9361
9525
9848
9559
9262
9162
8942
8675
8412
8193
8076
7781
7699
7416
7228
6814
7011
6940
6881
6513
6342
6248
5982
5876
5670
5463
5217
4916
4847
4556
4377
4274
3866
3739
3501
3299
3102
2950
2657
2453
2159
1971
1813
1696
1366
1315
825
