3
22
10
5
20
60
13
6
17
26
55
32
30
26
51
29
38
45
63
47
27
68
57
110
155
124
166
117
55
175
144
71
341
330
829
1282
290
163
182
355
329
526
145
858
655
174
655
858
145
526
329
355
182
163
290
1282
829
330
341
71
144
175
55
117
166
124
155
110
57
68
27
47
63
45
38
29
51
26
30
32
55
26
17
6
13
60
20
5
10
22
3
22
10
5
20
60
13
6
17
26
55
32
30
26
51
29
38
45
63
47
27
68
57
110
155
124
166
117
55
175
144
71
341
330
829
1282
290
163
182
355
329
526
145
858
655
174
655
858
145
526
329
355
182
163
290
1282
829
330
341
71
144
175
55
117
166
124
155
110
57
68
27
47
63
45
38
29
51
26
30
32
55
26
17
6
13
60
20
5
10

