1000,4
1200,4
1400,3
1600,7
1800,23
2000,13
2200,15
2400,8
2600,20
2800,11
3000,308
3200,13
3400,11
3600,15
3800,17
4000,38
4200,33
4400,50
4600,45
5000,252
5200,51
5400,66
5600,47
5800,69
6000,116
6200,120
6400,75
6600,145
6800,91
7000,169
7200,81
7400,53
7600,167
7800,190
8000,343
8200,291
8400,227
8600,478
8800,142
9000,2402
9200,3065
9400,180
9600,1740
9800,229
10000,450
9800,229
9600,1740
9400,180
9200,3065
9000,2402
8800,142
8600,478
8400,227
8200,291
8000,343
7800,190
7600,167
7400,53
7200,81
7000,169
6800,91
6600,145
6400,75
6200,120
6000,116
5800,69
5600,47
5400,66
5200,51
5000,252
4600,45
4400,50
4200,33
4000,38
3800,17
3600,15
3400,11
3200,13
3000,308
2800,11
2600,20
2400,8
2200,15
2000,13
1800,23
1600,7
1400,3
1200,4
1000,4
1200,4
1400,3
1600,7
1800,23
2000,13
2200,15
2400,8
2600,20
2800,11
3000,308
3200,13
3400,11
3600,15
3800,17
4000,38
4200,33
4400,50
4600,45
5000,252
5200,51
5400,66
5600,47
5800,69
6000,116
6200,120
6400,75
6600,145
6800,91
7000,169
7200,81
7400,53
7600,167
7800,190
8000,343
8200,291
8400,227
8600,478
8800,142
9000,2402
9200,3065
9400,180
9600,1740
9800,229
10000,450
9800,229
9600,1740
9400,180
9200,3065
9000,2402
8800,142
8600,478
8400,227
8200,291
8000,343
7800,190
7600,167
7400,53
7200,81
7000,169
6800,91
6600,145
6400,75
6200,120
6000,116
5800,69
5600,47
5400,66
5200,51
5000,252
4600,45
4400,50
4200,33
4000,38
3800,17
3600,15
3400,11
3200,13
3000,308
2800,11
2600,20
2400,8
2200,15
2000,13
1800,23
1600,7
1400,3
1200,4
1200,4
1200,4
1200,4
1200,
