3
6
4
3
9
8
6
13
6
6
4
5
2
5
7
2
10
5
7
10
12
14
19
13
8
10
14
15
14
12
37
11
10
9
0
4
17
15
17
10
13
13
3
10
12
4
16
17
12
6
10
10
8
11
10
22
5
7
412
12
9
6
2
3
4
7
3
11
10
18
26
24
29
12
33
15
128
16
28
86
99
703
3132
343
7789
1642
441
1789
964
7957
3333
659
82
216
1577
693
1219
97
25
65
261
21
30
43
37
17
97
48
74
90
1800
71
2368
1333
83
109
163
88
1355
1178
3015
1701
6914
8279
6919
8631
3912
8376
3061
3319
1178
961
64
41
42
56
448
59
106
40
45
43
2566
45
16
50
35
31
88
142
105
40
429
28
4186
5403
8073
4119
5815
5879
2176
558
2470
180
50
97
3122
179
91
98
88
10
45
65
36
19
33
31
227
43
