1
1
1
9
8
5
8
8
3
4
7
11
5
6
9
12
11
15
9
21
11
12
14
23
20
22
25
45
46
33
30
30
127
33
55
65
93
129
422
50
37
3785
565
257
4992
205
299
418
286
96
69
105
59
1053
77
41
58
52
73
64
81
51
39
91
46
51
31
17
17
34
13
24
18
106
17
17
13
16
7
10
9
6
15
11
4
2
7
2
2
3
0
0
3
3
10
4
11
12
13
13
13
21
12
20
14
83
98
35
10
12
38
33
42
38
51
46
36
24
13
77
36
29
52
56
106
3532
64
59
94
190
51
1196
1567
447
95
406
60
1100
51
95
59
304
54
847
39
78
84
63
1710
5227
362
1178
1878
251
117
719
29
60
32
64
12
44
38
20
25
9
10
7
5
9
15
8
3
5
3
2
2
7
0
0
