11
17
8
16
21
12
49
42
41
10
20
81
53
421
11
25
27
182
434
422
37
59
113
858
40
41
54
68
79
44
146
187
149
127
189
45
866
160
56
2415
191
136
230
1079
89
197
141
61
259
126
192
712
135
311
251
340
466
295
121
294
273
269
142
120
185
174
49
42
50
24
33
46
37
45
23
32
51
62
39
20
44
5
4
7
12
5
7
10
9
5
6
18
16
13
29
14
18
6
8
30
16
42
151
27
38
37
40
70
125
84
83
119
56
58
73
433
63
69
115
73
79
708
95
151
52
33
251
194
402
238
97
125
2069
2798
1023
559
1141
365
308
215
77
289
118
91
228
174
100
394
426
39
743
123
71
113
1091
108
164
51
52
49
27
1228
64
1506
1550
2285
1802
1422
389
379
46
52
58
47
37
327
371
124
23
17
