8
5
9
11
8
11
25
13
14
32
22
25
46
13
16
64
28
52
51
39
51
65
121
69
247
62
88
137
69
88
154
114
201
110
379
266
2874
187
172
240
381
274
306
95
57
58
647
229
1419
169
127
154
99
228
1591
73
85
46
68
69
90
53
80
87
104
66
74
61
53
24
34
34
40
23
35
24
20
24
19
17
11
20
19
27
13
7
4
13
11
12
2
3
2
7
7
17
6
12
13
16
18
38
36
44
28
28
13
55
20
34
37
53
40
40
64
68
55
59
40
91
75
65
41
98
29
40
184
66
50
51
122
261
862
49
464
142
745
414
786
247
2610
365
162
136
197
85
119
173
30
70
65
108
100
41
29
52
28
28
20
19
37
46
24
37
20
39
14
17
17
14
14
6
13
17
11
8
4
8
14
7
